518.027527 621.928223 -738.968750 0.000000 -162.516327 0.0
604.680420 535.275330 -738.968750 0.000000 -137.796310 0.0
609.048462 -661.398010 -738.968750 0.000000 119.892181 0.0
489.716431 -780.729980 -738.968750 0.000000 140.626755 0.0
-631.246399 -787.209229 -738.968750 0.000000 105.150497 0.0
-744.505066 -673.950623 -738.968750 0.000000 31.912575 0.0
-815.011169 -603.444580 -738.968750 0.000000 28.045959 0.0
-780.334473 506.117554 -738.968750 0.000000 -61.950741 0.0
-707.379089 581.076660 -738.968750 0.000000 -54.777893 0.0
-616.414856 672.040955 -738.968750 0.000000 -56.795258 0.0
612.788269 449.847992 -738.968750 0.000000 -122.345436 0.0
447.857056 623.098755 -738.968750 0.000000 -154.848648 0.0
528.709534 -702.126648 -738.968750 0.000000 129.052109 0.0
