1140.364502 -296.163147 -881.968750 0.000000 117.190346 0.0
1150.974976 -175.809052 -881.968750 0.000000 83.511566 0.0
1157.434082 -71.495567 -881.968750 0.000000 88.218750 0.0
1134.459595 2.422637 -881.968750 0.000000 157.478867 0.0
1087.619751 66.871979 -881.968750 0.000000 125.932190 0.0
1016.903687 176.266190 -881.968750 0.000000 103.985374 0.0
142.811752 1655.813843 -881.968750 0.000000 -90.778282 0.0
55.364403 1651.950195 -881.968750 0.000000 -87.135818 0.0
-18.287628 1645.880005 -881.968750 0.000000 -85.286568 0.0
-161.155563 1665.248047 -881.968750 0.000000 -83.605431 0.0
-292.062134 1649.824951 -881.968750 0.000000 -83.269203 0.0
-1967.879150 -281.387970 -1105.968750 0.000000 6.998636 0.0
-1927.489746 -163.372009 -1105.968750 0.000000 -3.536438 0.0
-1935.546631 104.731354 -1105.968750 0.000000 1.226769 0.0
-1933.196167 -22.886381 -1105.968750 0.000000 0.946580 0.0
-1988.323608 -94.961945 -1105.968750 0.000000 -8.916031 0.0
-1853.434937 -314.665192 -1105.968750 0.000000 -34.748966 0.0
-1786.400757 23.901278 -1105.968750 0.000000 48.410954 0.0
-1852.089233 174.594925 -1105.968750 0.000000 -14.015131 0.0
-1839.358887 -120.326698 -1105.968750 0.000000 -11.829620 0.0
-259.795776 -1588.535278 -881.968750 0.000000 79.399643 0.0
-176.479797 -1601.790649 -881.968750 0.000000 81.697197 0.0
-84.668655 -1565.327271 -881.968750 0.000000 95.945053 0.0
26.242661 -1571.222900 -881.968750 0.000000 100.245743 0.0
127.321198 -1554.204102 -881.968750 0.000000 100.245743 0.0
132.661972 -1487.914551 -881.968750 0.000000 93.745346 0.0
-37.555386 -1910.592529 -825.527649 0.000000 92.176865 0.0
-204.658707 1654.301025 -881.968750 0.000000 -86.992157 0.0
10.350203 1748.719849 -735.353394 0.000000 -88.840775 0.0
-64.056976 2082.816162 -840.395691 0.000000 -89.779892 0.0
12.572717 2063.888184 -840.247559 0.000000 -85.969269 0.0
1609.336182 164.076782 -760.816895 0.000000 -179.935715 0.0

